1,393,3.5945
1,82,6.5559
1,318,6.8023
1,620,7.1634
1,446,10.523
1,137,10.923
1,601,10.923
1,702,12.182
1,785,12.32
1,102,13.17
2,153,1.2181
2,225,2.3426
2,293,2.6011
2,75,2.9808
2,342,3.2469
2,1000,5.7852
2,937,4.3181
2,392,6.6938
2,263,4.7918
2,168,5.0649
3,674,1.732
3,218,4.9035
3,894,5.2809
3,911,5.3717
3,742,5.5563
3,467,6.5531
3,296,7.5555
3,92,7.7441
3,105,8.4087
3,834,8.6117
4,976,1.8164
4,572,3.9889
4,132,4.5271
4,563,5.1661
4,895,5.9098
4,800,6.2134
4,276,6.3191
4,313,6.371
4,122,6.4138
4,607,6.5039
5,287,4.505
5,698,4.1205
5,29,4.9037
5,79,6.4342
5,642,10.721
5,482,9.3572
5,210,13.472
5,668,9.5696
5,377,13.536
5,302,10.337
6,402,0.84911
6,871,2.8814
6,592,2.9914
6,661,4.312
6,409,3.2444
6,880,5.2105
6,762,4.6799
6,705,4.7844
6,152,4.9711
6,358,7.4615
7,232,4.0194
7,499,4.4502
7,770,4.4888
7,266,5.9693
7,738,6.8392
7,843,7.1229
7,221,7.2855
7,547,7.8581
7,885,8.6078
7,426,8.6211
8,782,5.6615
8,501,7.0841
8,117,7.193
8,533,7.6524
8,197,7.708
8,431,8.7417
8,688,9.3112
8,641,7.2071
8,138,7.3892
8,581,11.358
9,974,3.5134
9,451,4.188
9,368,4.2786
9,285,5.279
9,753,6.1233
9,582,7.7039
9,207,8.335
9,470,8.5582
9,222,10.272
9,65,10.549
10,997,1.5508
10,845,1.5551
10,936,1.6748
10,350,2.468
10,507,2.5338
10,432,3.7743
10,434,3.8938
10,359,4.2528
10,937,4.5493
10,95,4.5621
11,802,2.7788
11,870,2.7936
11,599,3.7606
11,461,4.4832
11,652,4.8692
11,636,4.8833
11,931,5.1839
11,518,5.2063
11,376,5.2743
11,519,6.3465
12,908,1.7701
12,260,2.9028
12,693,3.5004
12,679,3.9391
12,245,4.1932
12,191,4.2581
12,957,4.8348
12,603,5.1612
12,612,5.7683
12,297,5.7879
13,168,0.97808
13,528,1.6567
13,432,2.3798
13,937,2.6647
13,580,3.4197
13,936,3.6011
13,75,4.3724
13,997,4.451
13,359,4.904
13,10,5.1334
14,255,0.87443
14,339,1.677
14,453,4.9511
14,995,5.578
14,295,6.2642
14,924,7.0806
14,491,7.3531
14,144,8.1839
14,613,8.5063
14,104,8.6378
15,993,3.2324
15,842,3.4781
15,687,4.6504
15,324,4.0338
15,130,5.4116
15,102,8.1768
15,914,8.5906
15,981,10.08
15,110,10.468
15,27,11.642
16,358,3.3187
16,790,6.3251
16,975,7.4204
16,880,7.4376
16,400,8.6233
16,357,8.7468
16,899,9.3355
16,691,9.4131
16,969,9.9349
16,165,7.1214
17,397,2.8724
17,521,3.4586
17,930,4.6598
17,745,5.5037
17,322,8.4392
17,450,8.5263
17,195,9.2829
17,522,9.3121
17,111,11.094
17,220,11.228
18,206,2.4064
18,629,2.5436
18,633,2.7528
18,972,2.9007
18,363,3.4481
18,154,3.6057
18,535,5.4663
18,20,5.4687
18,608,7.4021
18,71,7.5941
19,571,1.9317
19,44,5.3356
19,588,8.0066
19,949,8.4154
19,116,6.2666
19,857,9.1003
19,977,6.52
19,526,9.7103
19,546,10.545
19,243,9.9558
20,154,1.8635
20,633,3.227
20,972,3.6151
20,608,3.6526
20,334,3.754
20,206,4.4011
20,18,5.4687
20,629,7.8342
20,363,8.1971
20,484,8.6083
21,443,2.6802
21,436,4.1933
21,878,5.0853
21,801,7.5771
21,830,8.8019
21,405,9.1377
21,209,9.5942
21,25,9.7795
21,489,10.173
21,604,10.516
22,960,1.1036
22,860,2.6041
22,797,3.7442
22,301,4.0882
22,556,4.4053
22,91,4.4425
22,983,4.5456
22,170,4.6972
22,174,5.0109
22,423,5.6584
23,700,0.70201
23,503,2.0823
23,664,2.4961
23,994,3.8165
23,639,4.3823
23,65,4.6076
23,207,5.2557
23,615,5.6723
23,889,5.7026
23,719,6.7639
24,167,2.2162
24,66,3.4647
24,348,3.5746
24,957,4.4889
24,262,4.9282
24,297,5.292
24,603,5.4464
24,618,5.7119
24,612,6.4126
24,671,6.5562
25,477,2.1259
25,801,3.6592
25,574,5.4984
25,405,5.5019
25,830,7.364
25,443,7.7869
25,713,7.8038
25,298,8.5734
25,415,6.5603
25,436,9.6283
26,848,0.45949
26,928,1.7494
26,178,2.9142
26,88,3.7755
26,387,3.7829
26,539,4.1148
26,833,4.314
26,615,4.5197
26,941,4.9603
26,64,5.8752
27,621,1.1692
27,110,1.6172
27,344,2.1519
27,183,2.4291
27,914,4.8755
27,981,5.365
27,777,7.2099
27,842,8.296
27,943,9.2854
27,993,10.249
28,564,4.3818
28,162,7.0996
28,566,7.33
28,988,11.325
28,873,14.609
28,227,18.659
28,372,13.694
28,131,14.955
28,159,22.319
28,496,23.608
29,698,4.5096
29,482,4.8008
29,5,4.9037
29,302,5.4472
29,287,11.435
29,668,8.3722
29,79,8.8037
29,510,9.7117
29,642,14.887
29,109,11.045
30,360,2.8525
30,365,5.0328
30,69,6.9149
30,823,7.0853
30,882,7.5015
30,727,7.556
30,597,8.2054
30,68,8.7759
30,133,9.2321
30,869,9.353
31,279,6.1401
31,811,7.2099
31,734,7.568
31,482,7.8656
31,628,8.0248
31,447,8.2801
31,185,8.2971
31,302,9.2662
31,698,11.813
31,29,12.106
32,643,1.0672
32,723,2.7314
32,448,4.2535
32,678,4.3903
32,625,6.2961
32,440,6.7012
32,271,7.4929
32,841,8.1495
32,123,8.2083
32,127,9.3616
33,559,0.91037
33,755,2.0427
33,345,2.7304
33,229,3.2457
33,898,3.6523
33,150,3.7613
33,249,4.1467
33,888,5.2456
33,854,5.4119
33,970,5.758
34,744,2.0842
34,999,2.366
34,304,2.7327
34,545,2.8245
34,682,3.4099
34,653,3.6667
34,672,3.7285
34,175,3.7377
34,816,4.2251
34,119,4.643
35,306,1.0909
35,160,1.4622
35,593,1.4687
35,824,1.5105
35,749,1.7395
35,963,2.4888
35,119,2.8345
35,865,4.8334
35,758,5.0888
35,999,5.1376
36,992,1.8745
36,215,2.0943
36,920,2.3734
36,497,2.741
36,200,2.9323
36,130,4.6871
36,161,4.8533
36,915,5.0945
36,324,5.4376
36,577,5.489
37,729,5.4389
37,514,5.6542
37,356,5.8614
37,774,8.4516
37,311,10.087
37,492,11.427
37,355,8.145
37,108,11.616
37,234,8.8182
37,935,12.756
38,991,1.1067
38,918,4.5931
38,340,6.6933
38,754,8.5597
38,835,6.8669
38,157,7.149
38,923,7.7768
38,922,11.099
38,866,11.19
38,86,9.1945
39,341,0.15993
39,671,0.23561
39,416,2.2807
39,85,4.0653
39,66,4.1941
39,57,4.2439
39,167,4.4729
39,24,6.6628
39,765,7.3187
39,386,8.9756
40,460,1.3121
40,361,1.48
40,261,2.637
40,772,5.6021
40,705,5.8067
40,762,6.2465
40,294,6.3396
40,165,6.493
40,592,7.2091
40,343,7.5851
41,223,2.1619
41,131,7.5184
41,690,8.0977
41,326,8.1408
41,220,8.7875
41,193,9.6953
41,111,10.429
41,873,15.595
41,273,17.287
41,566,12.579
42,259,4.9725
42,690,5.4473
42,326,8.0808
42,322,8.7937
42,223,10.506
42,372,10.672
42,573,10.854
42,220,11.373
42,965,11.484
42,41,12.601
43,189,2.9427
43,867,3.9409
43,587,4.202
43,124,7.853
43,795,8.227
43,809,9.4247
43,764,9.5542
43,855,9.8642
43,589,11.135
43,468,11.993
44,977,0.84466
44,526,3.4111
44,857,3.7172
44,116,3.1838
44,243,3.2756
44,19,5.3356
44,546,5.6947
44,125,4.0946
44,631,4.3441
44,571,6.6951
45,291,2.5392
45,335,2.963
45,947,3.2014
45,101,3.279
45,473,4.1601
45,464,5.0919
45,902,5.2657
45,853,5.2766
45,913,5.5618
45,666,5.8268
46,614,1.7837
46,253,3.14
46,964,3.573
46,876,4.1761
46,766,4.4754
46,660,5.3052
46,428,5.54
46,575,5.9115
46,208,6.1806
46,919,6.7657
47,925,2.3453
47,704,3.104
47,463,3.7738
47,792,4.182
47,128,4.7946
47,300,4.9187
47,967,5.1393
47,783,5.3552
47,759,6.0544
47,849,6.2464
48,272,10.119
48,985,12.036
48,201,12.778
48,383,14.211
48,644,19.645
48,433,22.363
48,850,23.636
48,955,17.053
48,543,24.992
48,486,18.541
49,531,2.2848
49,387,2.6333
49,52,3.5848
49,847,4.0586
49,88,4.459
49,64,4.6412
49,896,4.6778
49,595,4.7429
49,270,4.7918
49,941,5.053
50,577,3.0888
50,984,4.6356
50,943,6.8611
50,200,5.7156
50,161,5.918
50,777,10.374
50,981,10.731
50,130,7.6622
50,352,11.009
50,192,8.2072
51,70,1.9128
51,381,2.5415
51,854,2.7365
51,888,4.135
51,143,7.5398
51,249,7.6876
51,33,7.858
51,150,8.0219
51,755,8.1785
51,703,8.2746
52,531,1.6624
52,847,2.3258
52,64,3.1728
52,49,3.5848
52,387,5.0711
52,624,5.0936
52,438,5.1905
52,595,5.6283
52,910,5.9031
52,329,6.0358
53,481,0.78936
53,177,1.5941
53,525,2.7202
53,808,2.9555
53,654,3.7409
53,553,4.0678
53,781,4.4723
53,987,4.8356
53,626,4.9785
53,900,5.1151
54,373,2.9048
54,216,3.2171
54,892,3.3345
54,879,3.6522
54,560,3.7567
54,140,4.0492
54,841,5.1222
54,271,5.5952
54,517,5.855
54,649,5.8573
55,269,2.3304
55,475,3.5669
55,798,3.7626
55,584,5.5269
55,594,5.9436
55,542,7.0135
55,651,7.0447
55,749,5.1808
55,871,5.7103
55,824,6.0484
56,144,6.3185
56,954,6.4385
56,658,7.4254
56,995,7.8671
56,429,8.1885
56,591,8.3172
56,250,8.5748
56,751,9.8541
56,339,10.274
56,156,10.785
57,416,2.9304
57,341,4.1402
57,39,4.2439
57,671,4.3548
57,85,4.6068
57,386,4.8138
57,765,5.6988
57,527,5.8068
57,114,7.3228
57,434,7.4786
58,388,0.42252
58,278,1.2423
58,926,1.9221
58,817,2.9152
58,557,4.7619
58,696,5.0609
58,898,3.6156
58,465,5.1842
58,755,4.9687
58,196,8.3952
59,921,1.2736
59,395,2.2166
59,787,2.2705
59,667,2.3603
59,466,2.8404
59,231,3.2495
59,900,3.7242
59,290,3.9076
59,891,7.2734
59,810,7.7156
60,214,1.7504
60,585,4.7918
60,219,5.1404
60,184,6.9767
60,211,8.5284
60,113,9.4752
60,969,9.8577
60,623,9.9857
60,186,10.61
60,441,10.616
61,270,3.0355
61,493,3.1614
61,718,3.433
61,415,3.7814
61,941,4.3985
61,896,4.4739
61,264,4.4925
61,794,4.7918
61,940,5.1787
61,565,5.2943
62,544,1.4114
62,134,2.319
62,743,4.763
62,665,8.0853
62,182,8.6206
62,670,10.117
62,933,10.152
62,939,7.4907
62,469,11
62,886,12.412
63,581,2.153
63,533,4.228
63,117,6.5543
63,856,8.4705
63,197,8.7228
63,8,11.439
63,155,11.864
63,958,12.447
63,659,12.478
63,745,13.134
64,847,0.85652
64,531,2.6686
64,52,3.1728
64,178,3.4113
64,438,3.7798
64,387,4.2724
64,928,4.3807
64,49,4.6412
64,539,5.4475
64,26,5.8752
65,889,1.7203
65,664,2.374
65,470,2.7234
65,503,2.906
65,222,3.5806
65,994,4.2881
65,23,4.6076
65,639,5.2007
65,700,5.2013
65,207,6.6352
66,167,1.7505
66,24,3.4647
66,39,4.1941
66,671,4.1957
66,341,4.2404
66,416,5.5187
66,297,5.5517
66,348,6.0637
66,612,6.2962
66,957,6.4388
67,478,0.12666
67,919,1.8194
67,428,2.0827
67,290,2.9614
67,208,3.3427
67,667,3.3663
67,735,3.8102
67,876,4.4309
67,964,4.6429
67,231,4.8641
68,488,3.2615
68,166,3.5264
68,752,5.2343
68,148,7.7408
68,869,8.1642
68,30,8.7759
68,710,8.8012
68,739,6.4407
68,133,9.1836
68,336,6.8052
69,882,1.5856
69,96,3.9177
69,360,5.0304
69,869,5.9435
69,148,6.6334
69,30,6.9149
69,710,7.1164
69,365,8.4941
69,673,6.238
69,321,9.299
70,381,1.374
70,51,1.9128
70,854,2.2477
70,888,2.8886
70,249,6.484
70,467,6.5815
70,150,6.9122
70,33,7.6291
70,559,8.1006
70,755,8.4185
71,576,1.2266
71,535,2.2358
71,768,2.248
71,173,3.3444
71,308,3.4981
71,363,4.1494
71,323,4.6868
71,73,5.0239
71,629,5.2711
71,126,5.7023
72,441,1.5238
72,487,3.6746
72,113,5.1124
72,219,7.344
72,893,8.9657
72,254,9.0296
72,212,9.3978
72,835,10.454
72,338,11.805
72,60,11.832
73,308,1.6835
73,173,1.7033
73,768,2.8347
73,779,4.186
73,71,5.0239
73,825,5.4435
73,576,5.6038
73,535,5.7671
73,274,6.0265
73,962,6.5754
74,980,4.7787
74,424,4.9097
74,859,5.9581
74,235,7.555
74,254,10.505
74,394,10.918
74,473,7.7788
74,947,9.2312
74,45,9.6173
74,902,10.485
75,342,1.3905
75,225,2.4897
75,153,2.7353
75,2,2.9808
75,263,3.3069
75,168,3.5987
75,13,4.3724
75,937,4.9913
75,432,5.5134
75,895,5.5624
76,157,4.0168
76,769,4.0767
76,172,6.5033
76,238,7.8542
76,822,8.6881
76,541,8.7256
76,410,8.9727
76,212,10.075
76,991,10.25
76,340,15.213
77,670,3.4169
77,224,3.6106
77,652,3.4088
77,740,5.0717
77,706,9.0688
77,956,6.6375
77,469,10.738
77,530,8.6724
77,62,12.833
77,950,13.737
78,469,5.0909
78,384,7.5864
78,665,8.919
78,695,8.9268
78,331,9.1251
78,740,9.9681
78,903,10.239
78,694,10.563
78,933,11.335
78,266,13.563
79,775,5.579
79,668,6.2206
79,210,8.9956
79,5,6.4342
79,287,9.5927
79,510,7.013
79,29,8.8037
79,420,10.292
79,698,10.405
79,377,15.771
80,404,1.8733
80,730,2.6387
80,455,5.8328
80,596,12.831
80,509,13.343
80,717,17.585
80,374,18.649
80,284,19.744
80,317,20.392
80,401,22.331
81,550,4.7529
81,159,8.8227
81,818,9.9517
81,418,12.158
81,494,12.914
81,205,15.145
81,221,11.698
81,904,18.274
81,738,14.644
81,885,15.446
82,318,1.3361
82,393,3.3953
82,702,5.8742
82,1,6.5559
82,444,6.7716
82,137,9.3175
82,414,9.4414
82,620,9.9054
82,785,11.081
82,472,13.502
83,169,2.3408
83,106,5.2803
83,420,6.4071
83,619,6.5691
83,844,7.0124
83,761,9.5314
83,775,9.7906
83,791,10.446
83,591,10.512
83,411,12.459
84,776,13.75
84,380,14.241
84,198,15.693
84,252,15.991
84,737,19.046
84,543,19.173
84,820,19.988
84,617,20.656
84,966,22.029
84,247,24.45
85,765,3.6025
85,671,3.916
85,39,4.0653
85,341,4.1381
85,57,4.6068
85,416,5.2469
85,288,9.2422
85,527,7.0873
85,702,10.065
85,167,7.2099
86,923,2.6823
86,382,6.0759
86,866,8.6365
86,918,7.1031
86,129,7.3886
86,623,7.831
86,237,8.0309
86,38,9.1945
86,754,13.25
86,780,9.7101
87,468,3.9857
87,764,4.8745
87,681,5.2246
87,124,5.6573
87,788,6.5718
87,589,6.8604
87,568,7.3615
87,282,7.9156
87,795,8.0857
87,855,9.3298
88,941,1.3274
88,387,2.617
88,848,3.3249
88,493,3.4285
88,26,3.7755
88,49,4.459
88,928,4.7545
88,615,5.4092
88,178,5.5243
88,61,5.5331
89,822,4.3361
89,541,7.0907
89,172,7.3783
89,669,7.4022
89,151,7.4612
89,346,8.4819
89,100,8.7626
89,562,9.9142
89,968,10.183
89,332,10.257
90,735,2.2137
90,208,2.9158
90,766,3.4103
90,876,3.9634
90,964,4.5567
90,253,4.8053
90,290,5.9689
90,67,6.0136
90,626,6.0405
90,478,6.1386
91,797,1.4857
91,983,2.0128
91,752,2.5891
91,423,3.5197
91,860,3.9243
91,22,4.4425
91,488,4.5344
91,336,4.6707
91,960,4.9455
91,241,5.1782
92,408,2.1002
92,692,2.3103
92,894,2.464
92,742,2.967
92,281,3.6135
92,971,3.7499
92,303,3.9261
92,746,4.5815
92,396,5.0991
92,834,7.3068
93,204,2.7974
93,828,16.439
93,139,19.33
93,632,20.351
93,978,20.386
93,638,21.769
93,273,23.404
93,622,24.647
93,213,24.649
93,583,18.28
94,821,1.8509
94,524,2.1354
94,315,2.1485
94,458,2.2218
94,456,2.4399
94,192,3.0557
94,203,3.3775
94,813,4.519
94,246,4.9613
94,161,5.1335
95,434,2.4142
95,527,2.8
95,507,3.0399
95,114,3.0775
95,845,3.5359
95,709,3.755
95,997,4.3662
95,10,4.5621
95,350,5.1864
95,936,5.3484
96,882,2.7021
96,69,3.9177
96,869,4.1765
96,710,4.6421
96,148,4.8662
96,673,3.6806
96,789,4.4133
96,390,6.3497
96,336,4.7092
96,532,6.0442
97,958,6.4315
97,511,7.0681
97,659,7.6395
97,354,8.2315
97,489,8.8216
97,117,10.155
97,502,10.171
97,209,12.153
97,581,12.324
97,533,12.346
98,367,2.4534
98,459,3.5494
98,155,4.2983
98,522,4.9421
98,195,5.1291
98,375,4.6401
98,831,5.0887
98,197,8.241
98,979,5.9061
98,598,5.9646
99,174,1.9163
99,556,2.4871
99,333,2.5781
99,635,3.6058
99,860,4.6214
99,784,4.9898
99,699,5.5178
99,983,5.9895
99,796,6.5322
99,520,6.5875
100,541,4.5533
100,172,7.0446
100,410,7.0723
100,822,7.7715
100,590,8.005
100,89,8.7626
100,238,8.7795
100,769,9.4347
100,267,12.407
100,212,12.47
101,464,1.8752
101,913,2.7746
101,902,2.962
101,45,3.279
101,473,3.3175
101,335,4.399
101,176,4.4326
101,236,4.6296
101,425,4.9343
101,963,5.0281
102,446,5.296
102,842,6.9441
102,15,8.1768
102,993,10.469
102,183,10.507
102,110,11.67
102,27,11.798
102,687,11.818
102,344,11.974
102,601,12.078
103,107,5.837
103,242,6.082
103,187,6.8593
103,836,7.4316
103,569,7.6785
103,474,7.6909
103,435,8.1331
103,457,8.8614
103,517,9.2928
103,783,9.4929
104,613,1.2205
104,891,6.0904
104,701,6.1799
104,995,6.1893
104,954,7.0058
104,144,7.0223
104,339,7.9679
104,255,7.9724
104,14,8.6378
104,295,9.702
105,296,1.14
105,721,1.8919
105,149,1.8938
105,399,2.4818
105,911,3.0612
105,136,3.3615
105,883,3.8344
105,320,3.9578
105,280,5.0024
105,218,5.2713
106,844,1.9235
106,83,5.2803
106,761,5.9971
106,169,6.0843
106,420,8.1145
106,512,9.4953
106,403,9.7182
106,314,9.7802
106,619,11.663
106,874,12.485
107,242,0.35654
107,435,2.3552
107,829,4.4427
107,474,4.7179
107,836,4.8539
107,217,5.5419
107,103,5.837
107,517,6.0602
107,560,6.6596
107,216,7.211
108,311,4.8163
108,356,3.591
108,179,6.2899
108,774,9.1146
108,935,9.4432
108,729,7.1966
108,806,11.616
108,492,11.861
108,412,8.851
108,973,12.532
109,364,5.3885
109,945,7.366
109,302,7.6206
109,668,9.8257
109,482,9.8976
109,344,9.9108
109,510,9.9881
109,621,10.867
109,29,11.045
109,183,11.178
110,27,1.6172
110,621,1.972
110,914,3.2584
110,183,3.7414
110,344,3.7576
110,981,3.8742
110,777,6.5589
110,842,7.2716
110,943,8.0663
110,687,8.7528
111,220,3.2788
111,745,5.9627
111,856,7.4548
111,397,8.3927
111,223,9.7237
111,41,10.429
111,17,11.094
111,322,12.488
111,521,13.493
111,193,13.549
112,520,2.0254
112,190,2.8279
112,241,3.4648
112,796,3.4711
112,851,3.8143
112,944,4.1339
112,784,4.1712
112,506,4.5442
112,646,4.8069
112,773,5.138
113,487,2.0209
113,219,4.3443
113,893,5.0315
113,72,5.1124
113,441,5.2239
113,338,7.5534
113,254,8.5454
113,186,9.4355
113,60,9.4752
113,214,10.555
114,527,2.0192
114,95,3.0775
114,709,3.7986
114,765,4.1179
114,434,4.7912
114,815,6.7983
114,507,5.8925
114,686,8.4835
114,141,9.1683
114,845,6.5401
115,899,3.7747
115,651,3.9002
115,542,4.3089
115,880,4.8656
115,594,5.4213
115,661,5.731
115,969,7.1463
115,184,7.3174
115,400,8.0442
115,269,6.7188
116,44,3.1838
116,977,3.5572
116,125,4.4031
116,19,6.2666
116,243,4.7891
116,588,7.2101
116,571,7.3835
116,526,7.9136
116,949,8.0564
116,857,8.1703
117,533,2.669
117,581,5.3225
117,63,6.5543
117,8,7.193
117,197,9.7447
117,97,10.155
117,958,11.317
117,501,11.467
117,659,11.972
117,782,12.834
118,711,0.83048
118,814,5.1559
118,484,5.1943
118,852,6.3467
118,334,6.7641
118,684,7.3892
118,260,8.1036
118,391,8.9877
118,908,9.2049
118,158,9.6145
119,306,2.116
119,999,2.3206
119,744,2.8261
119,35,2.8345
119,824,3.3074
119,545,3.4158
119,758,3.6445
119,160,3.7191
119,593,3.8668
119,749,4.0979
120,863,1.939
120,575,2.2306
120,660,2.3004
120,316,2.3556
120,697,3.3408
120,548,6.1589
120,239,4.4845
120,614,5.2232
120,537,5.618
120,164,5.9131
121,881,0.85715
121,228,1.4476
121,877,1.927
121,840,1.9461
121,127,2.3896
121,519,3.4729
121,931,4.0365
121,376,4.1071
121,636,4.6292
121,319,4.709
122,630,2.0712
122,901,2.8346
122,226,3.4903
122,976,4.8116
122,516,4.99
122,132,5.1353
122,572,6.0597
122,4,6.4138
122,313,6.5404
122,222,7.1474
123,448,4.3169
123,678,6.1093
123,440,6.6756
123,127,7.9802
123,32,8.2083
123,723,8.4189
123,625,8.9076
123,905,8.9539
123,643,9.2265
123,319,9.3238
124,764,1.702
124,589,3.8371
124,855,4.5872
124,87,5.6573
124,189,7.7579
124,43,7.853
124,468,7.9178
124,795,8.4222
124,681,10.848
124,867,11.301
125,243,1.6441
125,799,3.0296
125,977,3.4508
125,44,4.0946
125,663,4.1233
125,116,4.4031
125,719,4.5598
125,579,4.7958
125,370,4.8187
125,631,4.8275
126,323,3.7504
126,683,3.8039
126,576,5.3106
126,363,5.6578
126,71,5.7023
126,535,5.927
126,203,6.0142
126,972,6.4431
126,915,6.4807
126,497,6.8016
127,881,1.838
127,121,2.3896
127,440,2.6688
127,840,3.4792
127,228,3.4948
127,877,3.7088
127,625,4.1446
127,319,4.9796
127,519,5.0212
127,678,5.0279
128,967,0.73262
128,783,0.79798
128,569,2.2849
128,925,2.4682
128,187,3.1481
128,47,4.7946
128,704,4.9223
128,230,5.0904
128,849,5.7294
128,979,6.5589
129,163,3.7726
129,623,5.5223
129,382,6.16
129,982,6.8392
129,780,7.1668
129,86,7.3886
129,237,7.7669
129,570,8.8177
129,923,9.3735
129,471,10.059
130,324,1.0443
130,687,3.525
130,992,2.8136
130,993,4.0731
130,200,3.4662
130,15,5.4116
130,36,4.6871
130,842,6.7929
130,914,7.3017
130,981,7.604
131,873,5.0991
131,566,7.2068
131,227,10.417
131,41,7.5184
131,326,8.3963
131,162,8.5965
131,223,8.7036
131,988,13.081
131,564,13.337
131,28,14.955
132,563,2.2879
132,976,3.0588
132,4,4.5271
132,579,4.877
132,122,5.1353
132,370,5.7151
132,889,5.7744
132,663,5.8001
132,222,5.8368
132,630,7.1977
133,597,2.2875
133,950,6.0732
133,823,9.0927
133,68,9.1836
133,30,9.2321
133,166,7.1557
133,727,10.283
133,706,10.811
133,739,7.9584
133,360,12.028
134,544,1.6268
134,62,2.319
134,743,4.4947
134,182,7.6602
134,665,9.1162
134,939,6.9499
134,933,10.318
134,886,10.531
134,670,12.221
134,469,12.952
135,691,3.7124
135,951,4.4314
135,975,7.1193
135,790,7.3993
135,832,9.4175
135,805,9.6157
135,529,9.6891
135,357,9.7722
135,358,10.931
135,720,8.0183
136,320,0.72546
136,399,2.6799
136,105,3.3615
136,834,3.6505
136,804,3.6587
136,883,3.9147
136,296,4.185
136,721,4.2084
136,310,4.4414
136,732,4.7379
137,262,3.3821
137,620,6.4106
137,82,9.3175
137,702,9.3486
137,601,9.4321
137,318,10.654
137,393,10.76
137,1,10.923
137,444,12.497
137,24,9.286
138,782,3.8189
138,641,2.9187
138,248,3.0872
138,389,3.7158
138,501,5.4879
138,513,4.5124
138,449,5.0467
138,8,7.3892
138,910,5.3438
138,233,5.887
139,927,7.551
139,634,12.092
139,622,15.972
139,204,16.553
139,602,16.816
139,93,19.33
139,632,23.39
139,638,27.008
139,500,28.198
139,978,28.254
140,649,2.2899
140,369,3.1766
140,879,3.6064
140,54,4.0492
140,892,4.1044
140,675,4.1405
140,736,4.4672
140,271,5.0514
140,560,5.6337
140,841,5.6396
141,288,4.1853
141,815,7.7793
141,561,8.8323
141,606,9.7516
141,686,9.886
141,765,7.7319
141,855,11.315
141,961,11.513
141,589,12.614
141,414,12.904
142,256,1.0111
142,407,6.7642
142,286,7.6722
142,480,9.6387
142,483,9.7782
142,330,10.044
142,806,13.377
142,973,15.464
142,935,17.42
142,492,18.819
143,379,4.0965
143,703,4.9547
143,537,5.5702
143,164,5.6075
143,51,7.5398
143,854,9.1318
143,70,9.4373
143,898,9.5763
143,575,9.6865
143,381,9.9149
144,954,0.71155
144,995,2.6413
144,613,5.8719
144,56,6.3185
144,339,6.5528
144,104,7.0223
144,255,7.3266
144,14,8.1839
144,701,10.595
144,591,10.683
145,202,9.4125
145,912,9.4737
145,401,11.136
145,839,12.354
145,337,12.74
145,413,12.749
145,422,15.268
145,558,19.503
145,349,19.905
145,858,20.586
146,325,1.9575
146,834,3.2103
146,732,3.6252
146,804,3.7169
146,303,5.1647
146,767,5.1665
146,320,5.7446
146,136,6.1272
146,396,6.482
146,419,6.5303
147,939,2.935
147,715,4.8079
147,743,4.9092
147,217,5.5467
147,461,6.4287
147,351,6.4867
147,829,6.7212
147,689,6.8235
147,474,7.2412
147,134,10.809
148,869,0.73038
148,710,1.2372
148,336,2.4187
148,673,3.1673
148,488,3.2739
148,96,4.8662
148,882,5.1173
148,423,4.6239
148,69,6.6334
148,68,7.7408
149,296,1.7122
149,105,1.8938
149,721,2.0106
149,399,3.7047
149,911,3.7705
149,280,4.5515
149,883,4.6024
149,218,4.9247
149,136,5.2242
149,249,5.3575
150,249,0.58901
150,559,3.3042
150,33,3.7613
150,229,3.7943
150,888,4.026
150,345,4.4109
150,854,5.3054
150,280,5.3821
150,149,5.6906
150,755,5.7857
151,346,1.8334
151,669,2.3222
151,562,2.5975
151,332,2.9427
151,194,5.1033
151,427,6.045
151,998,6.4211
151,929,6.6664
151,89,7.4612
151,716,11.936
152,409,1.9229
152,932,2.8094
152,294,3.2754
152,705,3.4007
152,872,4.2216
152,402,4.4916
152,871,4.5255
152,6,4.9711
152,798,5.8284
152,592,5.8408
153,225,1.1823
153,2,1.2181
153,342,2.4652
153,75,2.7353
153,293,3.3435
153,263,3.7081
153,1000,6.1147
153,937,5.4136
153,168,5.6165
153,392,7.9475
154,633,1.6769
154,20,1.8635
154,972,2.2102
154,206,2.8105
154,18,3.6057
154,608,4.5289
154,334,5.5937
154,629,6.0023
154,363,6.4658
154,535,8.5701
155,98,4.2983
155,197,4.4835
155,459,5.1433
155,688,5.4008
155,375,4.3419
155,431,6.2532
155,367,6.3239
155,831,4.5849
155,598,4.6511
155,522,8.9398
156,283,2.1984
156,658,3.7646
156,411,8.5793
156,998,9.0592
156,946,12.967
156,194,10.679
156,56,10.785
156,591,10.992
156,417,15.624
156,540,16.742
157,76,4.0168
157,991,6.2361
157,769,6.4932
157,38,7.149
157,340,10.434
157,835,8.7625
157,238,8.8057
157,212,9.2742
157,172,10.135
157,918,10.399
158,953,0.58139
158,391,0.90365
158,915,2.9013
158,747,3.1023
158,277,3.3596
158,793,3.3624
158,852,3.4693
158,728,4.3806
158,484,4.5593
158,683,4.7169
159,550,4.3378
159,81,8.8227
159,818,12.383
159,904,13.7
159,496,18.806
159,494,19.751
159,418,20.933
159,205,21.764
159,28,22.319
159,221,16.512
160,593,0.22172
160,963,1.0481
160,35,1.4622
160,306,1.6045
160,749,2.7518
160,824,2.8689
160,119,3.7191
160,464,4.4811
160,425,4.5213
160,236,4.5288
161,984,1.3241
161,577,2.0059
161,192,2.1448
161,456,3.0373
161,200,3.1978
161,50,5.918
161,36,4.8533
161,94,5.1335
161,992,5.1626
161,315,5.1677
162,566,1.4146
162,564,4.0012
162,372,4.9446
162,28,7.0996
162,873,9.5651
162,326,7.7398
162,131,8.5965
162,988,12.706
162,690,10.663
162,227,15.663
163,982,3.1616
163,129,3.7726
163,570,5.1353
163,623,5.9502
163,826,7.4471
163,485,7.6384
163,884,9.1259
163,211,9.6347
163,382,9.7532
163,780,9.8753
164,379,1.9907
164,537,2.0446
164,575,4.15
164,660,4.6667
164,143,5.6075
164,120,5.9131
164,703,6.4047
164,614,7.5995
164,863,7.814
164,316,8.2268
165,762,1.1556
165,592,2.7527
165,790,4.5436
165,358,4.8064
165,691,6.3453
165,16,7.1214
165,705,5.505
165,6,5.5693
165,135,8.8797
165,402,6.354
166,739,2.1395
166,68,3.5264
166,506,3.5258
166,488,3.8858
166,752,3.9985
166,950,6.7756
166,133,7.1557
166,241,5.3615
166,597,8.5054
166,148,8.5145
167,66,1.7505
167,24,2.2162
167,671,4.3815
167,39,4.4729
167,341,4.5749
167,348,5.5309
167,297,6.1172
167,957,6.215
167,262,6.3111
167,416,6.3277
168,13,0.97808
168,528,2.2631
168,432,3.1854
168,937,3.2701
168,580,3.3739
168,75,3.5987
168,936,4.5744
168,342,4.9785
168,2,5.0649
168,685,5.1293
169,83,2.3408
169,106,6.0843
169,619,7.4162
169,844,7.4169
169,591,8.313
169,420,8.7389
169,791,10.204
169,761,11.264
169,411,11.467
169,775,11.737
170,301,0.71756
170,960,3.741
170,532,4.0764
170,423,4.148
170,343,4.3113
170,797,4.6686
170,22,4.6972
170,673,4.7018
170,789,4.8527
170,336,5.2215
171,442,2.6625
171,650,5.91
171,471,7.5249
171,616,8.518
171,485,9.5714
171,982,10.264
171,529,10.613
171,887,10.842
171,826,11.652
171,163,12.063
172,541,2.4921
172,822,3.2479
172,769,4.366
172,76,6.5033
172,410,6.713
172,100,7.0446
172,238,7.084
172,89,7.3783
172,157,10.135
172,212,11.1
173,308,0.37681
173,768,1.1314
173,73,1.7033
173,71,3.3444
173,576,3.9062
173,779,4.1128
173,535,4.3837
173,825,5.2666
173,274,5.3726
173,363,6.4476
174,556,0.63735
174,99,1.9163
174,860,2.9481
174,333,4.4371
174,983,4.9875
174,22,5.0109
174,784,5.1779
174,635,5.4561
174,960,6.0624
174,91,6.6117
175,653,0.0834
175,682,2.183
175,34,3.7377
175,304,3.9101
175,672,4.7573
175,325,4.7969
175,816,4.9344
175,948,5.6358
175,744,5.7665
175,999,5.8933
176,578,1.0949
176,902,1.542
176,425,1.6067
176,913,1.7891
176,473,3.0889
176,464,3.2046
176,584,5.932
176,101,4.4326
176,963,5.1405
176,235,7.4738
177,481,1.2347
177,808,1.548
177,53,1.5941
177,654,2.1894
177,525,2.5868
177,626,3.4512
177,781,4.4486
177,553,5.5774
177,466,5.6003
177,231,5.9348
178,928,1.1706
178,539,2.6359
178,26,2.9142
178,848,3.177
178,64,3.4113
178,387,3.9142
178,847,4.0814
178,531,5.0839
178,833,5.5057
178,88,5.5243
179,412,2.403
179,108,6.2899
179,188,6.6632
179,356,5.3182
179,729,5.7246
179,371,6.557
179,311,9.6565
179,500,9.75
179,952,7.2922
179,353,7.4042
180,862,12.652
180,946,13.036
180,427,9.315
180,328,13.665
180,716,14.981
180,299,20.13
180,454,20.995
180,938,21.323
180,332,16.221
180,562,16.347
181,502,4.4544
181,828,8.4824
181,354,7.2287
181,511,7.5995
181,659,9.1917
181,958,9.6478
181,978,15.195
181,583,10.773
181,273,15.911
181,193,12.043
182,933,4.9733
182,886,5.9665
182,965,5.9678
182,398,6.5241
182,573,6.7501
182,505,6.919
182,665,7.201
182,544,7.2626
182,134,7.6602
182,62,8.6206
183,344,1.4673
183,27,2.4291
183,621,3.3813
183,110,3.7414
183,914,6.8068
183,981,7.6155
183,842,8.5634
183,777,9.5811
183,102,10.507
183,446,10.734
184,585,2.1858
184,969,4.8082
184,899,5.312
184,400,6.5664
184,60,6.9767
184,186,7.2552
184,115,7.3174
184,214,8.3509
184,211,8.502
184,542,8.8097
185,279,2.7651
185,447,2.9089
185,850,8.8996
185,955,7.4386
185,985,11.625
185,31,8.2971
185,486,8.614
185,628,8.6395
185,272,12.765
185,462,9.38
186,184,7.2552
186,542,7.369
186,338,7.4685
186,585,7.7594
186,651,8.2393
186,893,8.4522
186,219,9.0158
186,113,9.4355
186,269,6.7383
186,115,9.6286
187,569,0.89893
187,783,2.8305
187,967,3.0643
187,128,3.1481
187,925,5.5628
187,230,6.166
187,457,6.8055
187,103,6.8593
187,849,7.754
187,445,7.8405
188,500,6.7393
188,179,6.6632
188,676,7.9849
188,412,8.171
188,371,8.8091
188,108,16.368
188,632,17.898
188,952,13.21
188,622,18.757
188,353,13.359
189,43,2.9427
189,867,3.9081
189,587,6.7675
189,124,7.7579
189,855,8.2959
189,764,9.3408
189,385,9.8071
189,307,10.226
189,589,10.25
189,795,10.662
190,944,2.5707
190,112,2.8279
190,851,2.863
190,646,3.2075
190,520,3.2338
190,796,3.3785
190,773,3.3925
190,838,3.4053
190,600,5.0102
190,756,5.0854
191,245,0.67293
191,679,1.0797
191,693,1.0801
191,731,1.7583
191,603,2.0642
191,618,4.0263
191,957,4.205
191,348,4.2424
191,12,4.2581
191,430,5.4839
192,456,0.9482
192,161,2.1448
192,984,2.5279
192,94,3.0557
192,315,3.6284
192,577,3.809
192,203,4.1496
192,813,4.5847
192,524,4.6507
192,821,4.7799
193,273,5.8476
193,41,9.6953
193,502,11.606
193,223,11.615
193,181,12.043
193,856,12.241
193,354,12.623
193,131,12.638
193,659,13.25
193,111,13.549
194,998,1.6227
194,332,2.9968
194,562,3.1436
194,346,3.3078
194,929,3.7985
194,669,3.9446
194,151,5.1033
194,968,6.6275
194,427,7.5074
194,946,13.304
195,522,0.3639
195,367,2.8713
195,930,4.8784
195,98,5.1291
195,459,7.7167
195,979,5.9898
195,155,9.1908
195,17,9.2829
195,849,6.8955
195,375,7.7957
196,437,3.4939
196,655,3.7216
196,557,5.8913
196,696,5.9758
196,465,7.3566
196,725,8.6546
196,394,9.8148
196,970,7.7656
196,267,11.321
196,58,8.3952
197,155,4.4835
197,688,5.8299
197,431,6.1568
197,8,7.708
197,533,7.8182
197,98,8.241
197,63,8.7228
197,367,9.5945
197,459,9.6243
197,598,6.8415
198,617,5.5663
198,247,9.1612
198,662,9.4827
198,284,13.162
198,776,13.352
198,84,15.693
198,717,19.621
198,938,22.849
198,252,22.918
198,490,24.536
199,289,2.722
199,990,3.9064
199,567,7.7572
199,421,7.8611
199,498,8.0942
199,1000,9.827
199,307,10.179
199,610,10.935
199,637,10.937
199,385,12.84
200,992,2.2162
200,577,2.8596
200,36,2.9323
200,161,3.1978
200,130,3.4662
200,984,3.7555
200,50,5.7156
200,324,4.4991
200,920,4.7071
200,215,4.9672
201,383,11.85
201,48,12.778
201,257,19.232
201,861,20.592
201,483,21.013
201,985,22.283
201,272,22.74
201,959,23.654
201,917,24.847
201,480,25.258
202,912,3.3754
202,337,4.1467
202,145,9.4125
202,413,15.961
202,839,17.492
202,401,18.605
202,205,19.553
202,858,20.119
202,827,20.571
202,494,21.537
203,315,1.2652
203,323,3.0048
203,821,3.3402
203,94,3.3775
203,458,4.1008
203,192,4.1496
203,456,4.3467
203,920,4.6852
203,683,5.2171
203,161,5.226
204,93,2.7974
204,139,16.553
204,828,18.443
204,632,19.985
204,978,20.914
204,638,21.244
204,622,22.821
204,927,24.099
204,634,24.14
204,213,24.961
205,494,2.2483
205,818,10.95
205,418,13.757
205,81,15.145
205,550,19.109
205,202,19.553
205,337,21.236
205,159,21.764
205,839,21.947
205,757,15.61
206,18,2.4064
206,154,2.8105
206,633,3.2444
206,972,3.7336
206,20,4.4011
206,629,4.8269
206,608,5.2823
206,363,5.8511
206,535,7.8363
206,334,8.1019
207,285,3.3144
207,582,4.1937
207,503,4.492
207,451,4.6023
207,664,4.8091
207,23,5.2557
207,700,5.7342
207,65,6.6352
207,974,7.0512
207,470,7.1676
208,735,1.1855
208,876,2.0574
208,964,2.6206
208,766,2.686
208,90,2.9158
208,253,3.1335
208,67,3.3427
208,478,3.4585
208,428,3.6047
208,290,4.4599
209,830,4.1527
209,864,6.0757
209,878,8.805
209,21,9.5942
209,489,10.466
209,443,10.744
209,25,11.382
209,574,12.015
209,97,12.153
209,801,12.38
210,362,11.027
210,79,8.9956
210,897,13.773
210,377,14.425
210,287,14.811
210,775,11.698
210,5,13.472
210,712,19.225
210,619,15.205
210,791,16.633
211,648,4.5773
211,400,5.9583
211,969,6.2313
211,570,6.9417
211,623,7.8587
211,585,7.9214
211,884,7.9988
211,214,8.1546
211,184,8.502
211,60,8.5284
212,238,4.1513
212,410,5.47
212,835,6.6315
212,769,7.4099
212,157,9.2742
212,441,9.3702
212,72,9.3978
212,76,10.075
212,991,10.951
212,172,11.1
213,638,7.6581
213,227,13.838
213,988,20.829
213,873,23.257
213,93,24.649
213,204,24.961
213,131,17.821
213,273,25.815
213,496,27.213
213,536,28.382
214,60,1.7504
214,585,6.2054
214,219,6.2398
214,211,8.1546
214,184,8.3509
214,623,8.3937
214,113,10.555
214,969,10.602
214,441,10.897
214,400,11.661
215,36,2.0943
215,497,2.234
215,920,2.6726
215,992,3.3124
215,915,3.3429
215,793,4.7287
215,277,4.7745
215,200,4.9672
215,683,5.0267
215,747,5.3624
216,373,0.84943
216,560,1.4109
216,892,2.6251
216,517,2.9904
216,54,3.2171
216,836,4.6192
216,435,5.5469
216,736,5.7687
216,140,6.1084
216,829,6.2213
217,829,1.2997
217,435,3.6648
217,736,4.247
217,242,5.2503
217,689,5.4808
217,107,5.5419
217,147,5.5467
217,892,5.7967
217,560,5.8337
217,675,5.9776
218,467,2.4302
218,911,2.9043
218,674,3.1745
218,296,4.1394
218,3,4.9035
218,149,4.9247
218,105,5.2713
218,721,6.7109
218,136,7.6704
218,399,7.7487
219,113,4.3443
219,60,5.1404
219,487,5.9933
219,214,6.2398
219,441,6.4772
219,72,7.344
219,585,7.6258
219,893,8.6407
219,186,9.0158
219,184,9.4136
220,111,3.2788
220,745,7.1896
220,223,7.5208
220,397,8.3557
220,41,8.7875
220,322,10.309
220,856,10.609
220,690,10.716
220,17,11.228
220,42,11.373
221,738,3.0511
221,770,3.4258
221,418,7.6136
221,757,6.322
221,885,7.0146
221,7,7.2855
221,426,8.0582
221,81,11.698
221,550,13.615
221,232,9.8189
222,470,2.2088
222,889,3.0523
222,65,3.5806
222,132,5.8368
222,664,5.8726
222,226,6.3955
222,503,6.3993
222,563,6.7447
222,994,7.1203
222,122,7.1474
223,41,2.1619
223,690,6.3302
223,326,7.0157
223,220,7.5208
223,131,8.7036
223,111,9.7237
223,42,10.506
223,193,11.615
223,873,16.949
223,259,12.555
224,77,3.6106
224,706,5.6662
224,740,5.6846
224,956,4.4749
224,670,7.0128
224,652,5.2081
224,530,6.5727
224,950,10.49
224,469,11.92
224,739,10.199
225,153,1.1823
225,342,1.6442
225,2,2.3426
225,75,2.4897
225,263,2.5354
225,293,4.4807
225,276,4.506
225,895,4.9212
225,1000,7.3794
225,607,5.8323
226,630,3.3641
226,122,3.4903
226,901,4.2005
226,222,6.3955
226,516,6.9851
226,132,7.4097
226,753,8.0524
226,976,8.0745
226,470,8.0838
226,889,9.1293
227,988,8.6263
227,873,10.206
227,213,13.838
227,131,10.417
227,28,18.659
227,564,19.619
227,566,14.002
227,638,21.08
227,162,15.663
227,496,23.204
228,877,0.58501
228,840,0.8414
228,121,1.4476
228,881,1.6571
228,519,2.0874
228,931,2.6158
228,376,2.6607
228,636,3.1816
228,127,3.4948
228,319,3.8799
229,345,1.1058
229,559,2.3603
229,970,2.7117
229,33,3.2457
229,150,3.7943
229,292,3.9478
229,378,4.0408
229,249,4.3831
229,655,4.4653
229,755,4.7126
230,849,2.4133
230,979,3.136
230,967,4.3958
230,783,4.4534
230,704,4.9973
230,128,5.0904
230,569,5.5273
230,195,8.1728
230,522,8.4156
230,925,6.1023
231,466,1.8189
231,290,1.951
231,787,3.1615
231,59,3.2495
231,525,3.4296
231,921,3.4714
231,667,3.5426
231,900,4.0808
231,395,6.1955
231,67,4.8641
232,499,2.112
232,7,4.0194
232,504,6.0971
232,770,6.4152
232,547,6.8414
232,812,7.077
232,426,7.2945
232,266,7.3125
232,738,8.1098
232,221,9.8189
233,449,0.89668
233,611,2.4554
233,389,2.5483
233,910,2.666
233,248,3.3667
233,996,3.965
233,605,4.2651
233,138,5.887
233,347,6.2054
233,513,6.4716
234,355,2.6229
234,803,3.8665
234,819,5.479
234,551,6.9982
234,942,7.0268
234,733,7.3914
234,729,8.399
234,37,8.8182
234,353,9.635
234,952,9.6688
235,254,4.5104
235,980,7.5372
235,74,7.555
235,473,6.0321
235,893,9.0786
235,338,9.4922
235,176,7.4738
235,902,7.7122
235,578,7.7831
235,859,11.496
236,816,3.667
236,948,3.8285
236,672,3.8777
236,963,3.9559
236,306,4.3207
236,419,4.3227
236,464,4.5059
236,160,4.5288
236,101,4.6296
236,593,4.7365
237,382,2.1303
237,780,2.6266
237,923,7.5853
237,866,10.749
237,129,7.7669
237,86,8.0309
237,786,12.224
237,471,9.2429
237,750,13.51
237,922,15.251
238,410,1.8406
238,769,4.1293
238,212,4.1513
238,541,7.0039
238,172,7.084
238,76,7.8542
238,100,8.7795
238,157,8.8057
238,835,10.003
238,822,10.276
239,548,2.6071
239,316,3.5793
239,863,3.6361
239,491,6.18
239,120,4.4845
239,697,4.653
239,924,6.7915
239,817,5.793
239,575,6.4431
239,926,6.5081
240,724,1.4058
240,759,1.5795
240,837,3.3546
240,534,3.6448
240,598,3.9505
240,300,4.0619
240,513,4.087
240,792,4.4328
240,831,4.4783
240,375,4.8107
241,784,2.3935
241,506,3.4247
241,112,3.4648
241,983,4.0536
241,520,4.1797
241,739,4.8915
241,91,5.1782
241,166,5.3615
241,752,5.5261
241,796,5.7976
242,107,0.35654
242,435,2.2167
242,829,4.1849
242,474,4.4474
242,836,5.1333
242,217,5.2503
242,103,6.082
242,517,6.2723
242,560,6.671
242,216,7.2878
243,125,1.6441
243,977,2.4641
243,799,2.6005
243,631,3.2078
243,44,3.2756
243,565,3.2831
243,940,3.7844
243,526,5.4843
243,857,6.2802
243,718,4.5103
244,865,3.0521
244,758,3.3677
244,545,5.4378
244,824,5.932
244,749,6.4737
244,744,6.573
244,119,6.7696
244,999,6.852
244,35,7.2605
244,306,7.6785
245,679,0.45816
245,191,0.67293
245,693,1.5314
245,731,1.9533
245,603,2.736
245,12,4.1932
245,618,4.4913
245,957,4.7976
245,348,4.8985
245,741,5.02
246,813,0.46677
246,868,3.4505
246,439,3.7906
246,524,4.0515
246,554,4.0871
246,456,4.2195
246,549,4.7625
246,94,4.9613
246,192,5.0267
246,553,5.7013
247,617,3.7942
247,284,4.1504
247,662,7.1659
247,198,9.1612
247,717,10.552
247,490,15.452
247,938,16.458
247,776,17.78
247,555,18.88
247,404,21.419
248,389,0.82067
248,449,2.7655
248,138,3.0872
248,641,3.3497
248,233,3.3667
248,513,3.4806
248,910,4.2289
248,782,7.0674
248,611,5.7089
248,724,5.9085
249,150,0.58901
249,888,3.617
249,559,3.7766
249,33,4.1467
249,229,4.3831
249,345,4.9834
249,854,5.0051
249,149,5.3575
249,280,5.5299
249,721,6.0951
250,751,1.8118
250,429,3.2404
250,453,6.4104
250,56,8.5748
250,339,9.18
250,255,9.7831
250,14,9.7982
250,995,10.342
250,924,10.982
250,144,11.11
251,800,2.132
251,685,3.8351
251,313,4.0485
251,572,4.6534
251,714,4.8573
251,895,4.9361
251,263,5.4364
251,342,5.8615
251,276,5.9372
251,75,6.0991
252,966,6.0433
252,776,10.202
252,656,15.419
252,476,15.883
252,84,15.991
252,543,16.091
252,677,16.801
252,380,18.1
252,198,22.918
252,617,24.912
253,964,0.58273
253,876,1.0766
253,766,1.5789
253,208,3.1335
253,46,3.14
253,428,4.0016
253,735,4.1921
253,614,4.3679
253,90,4.8053
253,67,5.2111
254,235,4.5104
254,893,6.2009
254,487,7.1826
254,338,7.89
254,980,8.2263
254,113,8.5454
254,72,9.0296
254,441,10.417
254,74,10.505
254,859,12.434
255,14,0.87443
255,339,0.93358
255,995,4.7114
255,453,5.4592
255,295,6.7196
255,144,7.3266
255,613,7.7648
255,924,7.9314
255,954,7.9683
255,104,7.9724
256,142,1.0111
256,407,6.1711
256,286,7.7723
256,480,8.6702
256,483,8.824
256,330,10.494
256,806,13.479
256,973,15.191
256,935,17.289
256,492,18.49
257,861,4.4243
257,959,5.6848
257,917,5.9097
257,890,6.8131
257,406,7.5397
257,480,18.343
257,483,18.881
257,201,19.232
257,795,15.772
257,407,23.574
258,989,6.0321
258,586,8.4136
258,827,8.7374
258,858,9.5723
258,722,14.753
258,317,14.782
258,374,15.516
258,479,16.966
258,413,18.147
258,552,19.172
259,42,4.9725
259,690,6.2326
259,372,6.762
259,326,7.1108
259,573,9.514
259,505,10.151
259,965,10.785
259,398,11.144
259,162,11.568
259,566,12.089
260,908,1.1656
260,12,2.9028
260,814,3.9828
260,679,6.1387
260,693,6.2258
260,245,6.5111
260,684,6.6868
260,191,6.7732
260,957,7.6666
260,711,7.7557
261,361,1.2577
261,460,1.3257
261,40,2.637
261,772,3.6693
261,343,4.9758
261,265,6.7227
261,720,6.8391
261,165,7.4233
261,762,7.5746
261,452,7.7846
262,137,3.3821
262,620,5.6738
262,618,4.2805
262,601,6.0587
262,24,4.9282
262,430,5.9573
262,167,6.3111
262,348,6.4003
262,603,6.5117
262,702,9.8189
263,342,1.9606
263,276,2.319
263,895,2.4483
263,225,2.5354
263,75,3.3069
263,153,3.7081
263,800,4.1499
263,607,4.4481
263,2,4.7918
263,251,5.4364
264,794,0.46939
264,719,2.3762
264,799,3.096
264,493,3.6775
264,718,4.4746
264,61,4.4925
264,639,4.9263
264,565,5.597
264,243,5.6957
264,941,5.747
265,720,0.15921
265,805,2.7302
265,532,3.955
265,390,5.7157
265,789,4.4017
265,343,4.9859
265,832,7.706
265,135,8.2322
265,691,8.5413
265,261,6.7227
266,903,3.3408
266,547,4.1709
266,499,5.6487
266,7,5.9693
266,812,6.1046
266,843,6.1697
266,384,6.3919
266,232,7.3125
266,770,10.421
266,885,11.198
267,725,3.3914
267,645,5.4206
267,590,6.2902
267,366,11.029
267,196,11.321
267,465,12.174
267,100,12.407
267,696,12.458
267,557,13.021
267,437,13.063
268,538,3.9425
268,314,6.2025
268,512,6.5532
268,874,6.6253
268,906,7.7901
268,945,7.9945
268,352,8.0972
268,707,10.073
268,761,10.284
268,777,11.06
269,594,3.2497
269,55,2.3304
269,542,3.8145
269,651,3.9636
269,584,5.0965
269,475,4.5963
269,115,6.7188
269,186,6.7383
269,798,4.8497
269,661,7.0535
270,896,1.4515
270,415,2.317
270,61,3.0355
270,595,4.38
270,49,4.7918
270,493,5.332
270,477,7.5409
270,574,7.6459
270,941,5.4432
270,718,5.6043
271,841,1.404
271,879,1.9847
271,625,4.2954
271,649,4.3059
271,140,5.0514
271,723,5.1335
271,54,5.5952
271,678,6.7196
271,440,6.8533
271,32,7.4929
272,985,7.5594
272,48,10.119
272,850,13.696
272,433,13.986
272,644,16.514
272,185,12.765
272,447,12.791
272,955,13.867
272,486,15.795
272,201,22.74
273,193,5.8476
273,181,15.911
273,93,23.404
273,828,23.407
273,41,17.287
273,502,17.49
273,131,18.028
273,213,25.815
273,204,26.02
273,354,20.002
274,825,1.6326
274,760,1.8934
274,779,2.3139
274,458,3.1869
274,771,3.3037
274,821,3.8814
274,524,4.1383
274,308,5.03
274,768,5.2105
274,94,5.2866
275,309,1.0237
275,778,1.6525
275,875,2.0179
275,986,2.3361
275,781,2.8224
275,962,3.5276
275,771,5.5563
275,760,5.7858
275,808,6.2386
275,825,6.2893
276,895,1.0623
276,263,2.319
276,607,2.5742
276,800,4.0061
276,342,4.2779
276,225,4.506
276,75,5.6217
276,153,5.6676
276,251,5.9372
276,4,6.3191
277,793,0.045801
277,747,0.64324
277,728,1.8095
277,391,3.0047
277,953,3.1215
277,158,3.3596
277,915,3.621
277,741,4.2246
277,684,4.5053
277,215,4.7745
278,58,1.2423
278,388,1.2824
278,898,2.4656
